OS: Windows-10-10.0.19043-SP0 10.0.19043
Python: 3.9.7
Stable-Baselines3: 1.5.0
PyTorch: 1.11.0+cu113
GPU Enabled: True
Numpy: 1.22.4
Gym: 0.21.0
